100 57 1 1
100 61 1 1
100 61 1 1
100 60 1 1
100 59 1 1
100 60 1 1
100 57 1 1
100 58 1 1
100 57 1 1
100 59 1 1
200 120 1 1
200 116 1 1
200 121 1 1
200 121 1 1
200 124 1 1
200 110 1 1
200 109 1 1
200 118 1 1
200 124 1 1
200 122 1 1
300 173 1 1
300 179 1 1
300 175 1 1
300 178 1 1
300 177 1 1
300 169 1 1
300 178 1 1
300 173 1 1
300 169 1 1
300 182 1 1
400 240 1 1
400 237 1 1
400 233 1 1
400 239 1 1
400 239 1 1
400 235 1 1
400 234 1 1
400 234 1 1
400 228 1 1
400 239 1 1
500 290 1 1
500 296 1 1
500 291 1 1
500 298 1 1
500 299 1 1
500 292 1 1
500 290 1 1
500 301 1 1
500 298 1 1
500 295 1 1
